147331.750
266905.938
164411.828
156739.125
273255.281
142747.312
135038.516
151445.031
162002.406
138520.672
118930.523
177424.672
221581.719
200182.812
210772.781
180483.297
147885.078
189355.406
262502.375
223181.438
195036.109
165398.484
178728.656
110508.148
132738.344
178462.562
110875.297
190097.219
132132.859
174381.062
206369.109
202859.547
155397.812
199425.250
249946.719
289307.000
140769.078
147274.406
110402.117
194976.094
157265.344
204604.219
146594.375
256466.406
128152.102
173363.016
164415.109
128705.109
172519.562
171637.281
340070.438
191819.703
258152.281
218016.328
215052.094
225932.953
202596.281
213276.297
154128.594
212927.906
171158.453
172946.031
165862.156
230496.125
197432.172
94145.969
182185.375
121001.188
116909.141
159265.188
192399.891
203472.562
293672.688
155985.484
130478.320
347396.031
199134.969
126550.477
186619.609
107718.352
191808.641
157411.750
199252.859
267640.781
181754.734
191369.328
120188.938
333025.875
144973.219
124841.820
172442.719
126132.484
158705.203
153717.922
345416.031
253860.688
136881.547
123235.164
269072.656
241858.625
227121.016
124327.102
231497.672
309156.938
141718.031
184546.312
235101.938
143942.094
362778.156
289866.938
140569.516
163055.203
167130.922
314968.250
142711.344
126168.156
216566.297
157865.000
128209.375
172956.141
130569.609
145460.578
117610.305
329416.531
153621.438
157076.312
175818.734
170714.094
183849.531
127335.609
162535.141
200685.375
174845.141
207335.625
119142.539
225573.016
240713.797
162804.688
155957.047
142413.906
141856.453
197837.625
162092.328
215049.406
193473.625
122180.930
102540.516
172737.219
258078.781
154263.750
132990.734
115081.828
217738.297
130070.289
185501.578
164544.656
212315.203
138425.078
108808.648
134683.078
172770.359
147128.531
203635.219
167867.141
171118.109
144663.312
166113.891
136147.391
121457.156
146858.828
115639.938
159803.859
129077.719
191562.531
151610.422
149042.672
165155.312
301924.562
196263.078
168177.250
159548.438
134675.172
217033.672
193850.641
125665.352
201534.250
181063.281
181099.359
281950.938
204623.500
115002.352
294816.875
198075.422
148160.281
186967.109
138705.391
130618.422
330937.469
115362.992
179675.984
161086.141
229058.125
104687.898
163354.438
124837.781
175432.266
135664.734
185043.344
191712.656
128524.750
200310.953
186749.391
183351.859
123701.422
128841.602
124665.758
175017.156
192248.375
164014.094
205034.250
169781.297
290798.406
278695.812
210268.109
196548.422
188576.859
134153.703
111333.008
128779.617
250801.219
86493.109
165681.984
115897.891
125151.680
165233.453
212834.875
135703.266
200316.375
137679.688
154003.891
187426.062
240185.641
210169.375
276712.281
133979.766
216947.969
232650.422
309910.688
213444.516
141566.750
205417.172
289983.844
277578.250
114319.281
112913.594
199008.234
128623.766
187800.734
112171.469
83481.125
239462.484
161917.328
117219.742
209298.312
283358.594
158042.406
132014.359
151890.500
351957.875
155391.094
160429.703
245041.953
95713.336
181871.344
137915.453
152936.906
123393.078
249094.781
155167.656
197024.891
193125.406
156322.656
171079.781
222985.516
270730.875
148205.516
153145.109
143524.453
147403.703
163592.906
133225.000
159060.734
